Captured: 2026-06-09
Device: Arduino Uno, KY-022 compatible 38 kHz receiver on D4
Button: remote power button pressed during test
Note: AC remotes usually send the full remote state, not only a simple button id.

Capture 1:
IR_RAW_CAPTURE count=227, overflow=NO
IR_RAW_DATA: +3072,-1608,+520,-1072,+548,-1032,+568,-176,+548,-360,+536,-296,+572,-1048,+492,-316,+532,-296,+584,-1032,+532,-1072,+512,-280,+584,-1036,+464,-340,+492,-364,+560,-1032,+512,-1084,+520,-292,+576,-1044,+480,-1120,+528,-200,+640,-188,+584,-1100,+544,-228,+612,-188,+652,-1032,+428,-396,+568,-188,+648,-176,+584,-320,+488,-360,+568,-180,+656,-188,+612,-252,+488,-388,+572,-188,+648,-176,+616,-264,+476,-388,+576,-188,+648,-188,+624,-240,+492,-380,+568,-228,+612,-188,+624,-240,+488,-1164,+560,-188,+648,-188,+588,-1096,+544,-1032,+536,-240,+488,-388,+572,-228,+604,-196,+616,-244,+484,-388,+560,-1048,+568,-1032,+424,-1152,+572,-176,+628,-248,+480,-388,+572,-188,+652,-188,+652,-1032,+480,-332,+576,-1032,+492,-1104,+544,-1032,+536,-1060,+452,-364,+572,-136,+700,-188,+620,-244,+492,-380,+568,-148,+700,-172,+624,-256,+484,-388,+568,-140,+708,-132,+664,-240,+500,-388,+560,-204,+636,-132,+672,-248,+492,-388,+560,-148,+700,-136,+700,-132,+568,-380,+544,-300,+568,-132,+700,-148,+564,-384,+544,-272,+596,-180,+656,-132,+636,-308,+512,-336,+572,-136,+704,-140,+620,-320,+536,-1072,+560,-148,+668,-236,+492,-1152,+564,-1036,+464,-1140,+536,-1048,+516,-1072,+512,-1072,+560

Capture 2:
IR_RAW_CAPTURE count=227, overflow=NO
IR_RAW_DATA: +3068,-1588,+512,-1112,+480,-1100,+496,-228,+576,-320,+544,-204,+632,-1084,+464,-320,+536,-296,+552,-1088,+496,-1072,+524,-216,+616,-1100,+488,-268,+564,-276,+592,-1056,+468,-1112,+500,-240,+608,-1072,+484,-1140,+484,-164,+704,-156,+616,-1128,+484,-216,+648,-160,+656,-1088,+484,-296,+548,-228,+612,-228,+564,-276,+580,-240,+612,-176,+660,-136,+688,-188,+608,-356,+516,-136,+708,-216,+576,-320,+472,-296,+616,-168,+668,-220,+604,-256,+512,-348,+548,-188,+672,-148,+656,-196,+604,-1128,+532,-136,+664,-188,+616,-1112,+512,-1072,+516,-260,+508,-292,+624,-136,+688,-172,+652,-188,+580,-368,+504,-1100,+524,-1072,+444,-1140,+548,-148,+660,-188,+572,-348,+556,-208,+628,-188,+640,-1084,+448,-360,+544,-1060,+524,-1072,+536,-1060,+516,-1076,+472,-308,+568,-196,+644,-188,+608,-256,+536,-360,+548,-188,+676,-240,+532,-340,+452,-364,+536,-240,+624,-148,+660,-204,+564,-384,+504,-228,+648,-256,+548,-200,+560,-388,+504,-340,+508,-204,+632,-188,+588,-320,+548,-348,+524,-268,+540,-316,+468,-380,+496,-332,+536,-268,+576,-252,+520,-272,+544,-368,+516,-308,+524,-308,+472,-372,+468,-1120,+516,-308,+512,-320,+460,-1152,+532,-1044,+460,-1140,+520,-1056,+488,-1112,+492,-1096,+500
